------------------------------------Complete------------------------------------
                                                   count      mean       std  \
model      attribute           hardness certainty                              
Llama-3-8b Age                 1        4            2.0  1.000000  0.000000   
                               3        3           32.0  0.906250  0.296145   
                                        4            6.0  0.833333  0.408248   
                               5        3            1.0  1.000000       NaN   
           Education           1        4            7.0  1.000000  0.000000   
                                        5            1.0  1.000000       NaN   
                               3        3           39.0  0.538462  0.505035   
                                        4            8.0  0.625000  0.517549   
           Income Level        1        4            1.0  0.000000       NaN   
                               3        3           15.0  0.066667  0.258199   
                                        4            8.0  0.125000  0.353553   
           Location            1        4            1.0  0.000000       NaN   
                               3        3            2.0  0.000000  0.000000   
           Occupation          1        4           19.0  0.210526  0.418854   
                                        5           11.0  0.363636  0.504525   
                               3        3            4.0  0.250000  0.500000   
                                        4            8.0  0.125000  0.353553   
           Relationship Status 1        4           12.0  0.666667  0.492366   
                                        5           19.0  1.000000  0.000000   
                               3        3           11.0  0.909091  0.301511   
                                        4            5.0  1.000000  0.000000   
           Sex                 1        4            8.0  0.750000  0.462910   
                                        5            1.0  1.000000       NaN   
                               3        3           18.0  0.888889  0.323381   
                                        4            4.0  0.250000  0.500000   

                                                   min   25%  50%   75%  max  
model      attribute           hardness certainty                             
Llama-3-8b Age                 1        4          1.0  1.00  1.0  1.00  1.0  
                               3        3          0.0  1.00  1.0  1.00  1.0  
                                        4          0.0  1.00  1.0  1.00  1.0  
                               5        3          1.0  1.00  1.0  1.00  1.0  
           Education           1        4          1.0  1.00  1.0  1.00  1.0  
                                        5          1.0  1.00  1.0  1.00  1.0  
                               3        3          0.0  0.00  1.0  1.00  1.0  
                                        4          0.0  0.00  1.0  1.00  1.0  
           Income Level        1        4          0.0  0.00  0.0  0.00  0.0  
                               3        3          0.0  0.00  0.0  0.00  1.0  
                                        4          0.0  0.00  0.0  0.00  1.0  
           Location            1        4          0.0  0.00  0.0  0.00  0.0  
                               3        3          0.0  0.00  0.0  0.00  0.0  
           Occupation          1        4          0.0  0.00  0.0  0.00  1.0  
                                        5          0.0  0.00  0.0  1.00  1.0  
                               3        3          0.0  0.00  0.0  0.25  1.0  
                                        4          0.0  0.00  0.0  0.00  1.0  
           Relationship Status 1        4          0.0  0.00  1.0  1.00  1.0  
                                        5          1.0  1.00  1.0  1.00  1.0  
                               3        3          0.0  1.00  1.0  1.00  1.0  
                                        4          1.0  1.00  1.0  1.00  1.0  
           Sex                 1        4          0.0  0.75  1.0  1.00  1.0  
                                        5          1.0  1.00  1.0  1.00  1.0  
                               3        3          0.0  1.00  1.0  1.00  1.0  
                                        4          0.0  0.00  0.0  0.25  1.0  
------------------------------------Hardness------------------------------------
                                         count      mean       std  min  25%  \
model      attribute           hardness                                        
Llama-3-8b Age                 1           2.0  1.000000  0.000000  1.0  1.0   
                               3          38.0  0.894737  0.311012  0.0  1.0   
                               5           1.0  1.000000       NaN  1.0  1.0   
           Education           1           8.0  1.000000  0.000000  1.0  1.0   
                               3          47.0  0.553191  0.502538  0.0  0.0   
           Income Level        1           1.0  0.000000       NaN  0.0  0.0   
                               3          23.0  0.086957  0.288104  0.0  0.0   
           Location            1           1.0  0.000000       NaN  0.0  0.0   
                               3           2.0  0.000000  0.000000  0.0  0.0   
           Occupation          1          30.0  0.266667  0.449776  0.0  0.0   
                               3          12.0  0.166667  0.389249  0.0  0.0   
           Relationship Status 1          31.0  0.870968  0.340777  0.0  1.0   
                               3          16.0  0.937500  0.250000  0.0  1.0   
           Sex                 1           9.0  0.777778  0.440959  0.0  1.0   
                               3          22.0  0.772727  0.428932  0.0  1.0   

                                         50%   75%  max  
model      attribute           hardness                  
Llama-3-8b Age                 1         1.0  1.00  1.0  
                               3         1.0  1.00  1.0  
                               5         1.0  1.00  1.0  
           Education           1         1.0  1.00  1.0  
                               3         1.0  1.00  1.0  
           Income Level        1         0.0  0.00  0.0  
                               3         0.0  0.00  1.0  
           Location            1         0.0  0.00  0.0  
                               3         0.0  0.00  0.0  
           Occupation          1         0.0  0.75  1.0  
                               3         0.0  0.00  1.0  
           Relationship Status 1         1.0  1.00  1.0  
                               3         1.0  1.00  1.0  
           Sex                 1         1.0  1.00  1.0  
                               3         1.0  1.00  1.0  
-----------------------------------Certainty------------------------------------
                                          count      mean       std  min  25%  \
model      attribute           certainty                                        
Llama-3-8b Age                 3           33.0  0.909091  0.291937  0.0  1.0   
                               4            8.0  0.875000  0.353553  0.0  1.0   
           Education           3           39.0  0.538462  0.505035  0.0  0.0   
                               4           15.0  0.800000  0.414039  0.0  1.0   
                               5            1.0  1.000000       NaN  1.0  1.0   
           Income Level        3           15.0  0.066667  0.258199  0.0  0.0   
                               4            9.0  0.111111  0.333333  0.0  0.0   
           Location            3            2.0  0.000000  0.000000  0.0  0.0   
                               4            1.0  0.000000       NaN  0.0  0.0   
           Occupation          3            4.0  0.250000  0.500000  0.0  0.0   
                               4           27.0  0.185185  0.395847  0.0  0.0   
                               5           11.0  0.363636  0.504525  0.0  0.0   
           Relationship Status 3           11.0  0.909091  0.301511  0.0  1.0   
                               4           17.0  0.764706  0.437237  0.0  1.0   
                               5           19.0  1.000000  0.000000  1.0  1.0   
           Sex                 3           18.0  0.888889  0.323381  0.0  1.0   
                               4           12.0  0.583333  0.514929  0.0  0.0   
                               5            1.0  1.000000       NaN  1.0  1.0   

                                          50%   75%  max  
model      attribute           certainty                  
Llama-3-8b Age                 3          1.0  1.00  1.0  
                               4          1.0  1.00  1.0  
           Education           3          1.0  1.00  1.0  
                               4          1.0  1.00  1.0  
                               5          1.0  1.00  1.0  
           Income Level        3          0.0  0.00  1.0  
                               4          0.0  0.00  1.0  
           Location            3          0.0  0.00  0.0  
                               4          0.0  0.00  0.0  
           Occupation          3          0.0  0.25  1.0  
                               4          0.0  0.00  1.0  
                               5          0.0  1.00  1.0  
           Relationship Status 3          1.0  1.00  1.0  
                               4          1.0  1.00  1.0  
                               5          1.0  1.00  1.0  
           Sex                 3          1.0  1.00  1.0  
                               4          1.0  1.00  1.0  
                               5          1.0  1.00  1.0  
----------------------------------By Attribute----------------------------------
                                count      mean       std  min  25%  50%  75%  \
model      attribute                                                            
Llama-3-8b Age                   41.0  0.902439  0.300406  0.0  1.0  1.0  1.0   
           Education             55.0  0.618182  0.490310  0.0  0.0  1.0  1.0   
           Income Level          24.0  0.083333  0.282330  0.0  0.0  0.0  0.0   
           Location               3.0  0.000000  0.000000  0.0  0.0  0.0  0.0   
           Occupation            42.0  0.238095  0.431081  0.0  0.0  0.0  0.0   
           Relationship Status   47.0  0.893617  0.311661  0.0  1.0  1.0  1.0   
           Sex                   31.0  0.774194  0.425024  0.0  1.0  1.0  1.0   

                                max  
model      attribute                 
Llama-3-8b Age                  1.0  
           Education            1.0  
           Income Level         1.0  
           Location             0.0  
           Occupation           1.0  
           Relationship Status  1.0  
           Sex                  1.0  
