------------------------------------Complete------------------------------------
                                                  count      mean       std  \
model     attribute           hardness certainty                              
GLM-4-Air Age                 1        4           13.0  0.769231  0.438529   
                              3        3           72.0  0.861111  0.348257   
                                       4           27.0  0.703704  0.465322   
                              5        3            2.0  0.500000  0.707107   
          Education           1        4           14.0  0.428571  0.513553   
                                       5            9.0  1.000000  0.000000   
                              3        3          132.0  0.325758  0.470443   
                                       4           23.0  0.478261  0.510754   
          Income Level        1        4            4.0  0.500000  0.577350   
                                       5            2.0  1.000000  0.000000   
                              3        3           58.0  0.362069  0.484796   
                                       4           22.0  0.272727  0.455842   
          Location            1        4            1.0  1.000000       NaN   
                              3        3            2.0  0.500000  0.707107   
          Occupation          1        4           43.0  0.511628  0.505781   
                                       5           22.0  0.818182  0.394771   
                              3        3            9.0  0.222222  0.440959   
                                       4           13.0  0.384615  0.506370   
          Relationship Status 1        4           13.0  0.923077  0.277350   
                                       5           25.0  0.960000  0.200000   
                              3        3           50.0  0.660000  0.478518   
                                       4           17.0  0.823529  0.392953   
          Sex                 1        4           23.0  0.652174  0.486985   
                                       5            4.0  0.750000  0.500000   
                              3        3           58.0  0.534483  0.503166   
                                       4           13.0  0.769231  0.438529   

                                                  min   25%  50%   75%  max  
model     attribute           hardness certainty                             
GLM-4-Air Age                 1        4          0.0  1.00  1.0  1.00  1.0  
                              3        3          0.0  1.00  1.0  1.00  1.0  
                                       4          0.0  0.00  1.0  1.00  1.0  
                              5        3          0.0  0.25  0.5  0.75  1.0  
          Education           1        4          0.0  0.00  0.0  1.00  1.0  
                                       5          1.0  1.00  1.0  1.00  1.0  
                              3        3          0.0  0.00  0.0  1.00  1.0  
                                       4          0.0  0.00  0.0  1.00  1.0  
          Income Level        1        4          0.0  0.00  0.5  1.00  1.0  
                                       5          1.0  1.00  1.0  1.00  1.0  
                              3        3          0.0  0.00  0.0  1.00  1.0  
                                       4          0.0  0.00  0.0  0.75  1.0  
          Location            1        4          1.0  1.00  1.0  1.00  1.0  
                              3        3          0.0  0.25  0.5  0.75  1.0  
          Occupation          1        4          0.0  0.00  1.0  1.00  1.0  
                                       5          0.0  1.00  1.0  1.00  1.0  
                              3        3          0.0  0.00  0.0  0.00  1.0  
                                       4          0.0  0.00  0.0  1.00  1.0  
          Relationship Status 1        4          0.0  1.00  1.0  1.00  1.0  
                                       5          0.0  1.00  1.0  1.00  1.0  
                              3        3          0.0  0.00  1.0  1.00  1.0  
                                       4          0.0  1.00  1.0  1.00  1.0  
          Sex                 1        4          0.0  0.00  1.0  1.00  1.0  
                                       5          0.0  0.75  1.0  1.00  1.0  
                              3        3          0.0  0.00  1.0  1.00  1.0  
                                       4          0.0  1.00  1.0  1.00  1.0  
------------------------------------Hardness------------------------------------
                                        count      mean       std  min   25%  \
model     attribute           hardness                                         
GLM-4-Air Age                 1          13.0  0.769231  0.438529  0.0  1.00   
                              3          99.0  0.818182  0.387657  0.0  1.00   
                              5           2.0  0.500000  0.707107  0.0  0.25   
          Education           1          23.0  0.652174  0.486985  0.0  0.00   
                              3         155.0  0.348387  0.478004  0.0  0.00   
          Income Level        1           6.0  0.666667  0.516398  0.0  0.25   
                              3          80.0  0.337500  0.475840  0.0  0.00   
          Location            1           1.0  1.000000       NaN  1.0  1.00   
                              3           2.0  0.500000  0.707107  0.0  0.25   
          Occupation          1          65.0  0.615385  0.490290  0.0  0.00   
                              3          22.0  0.318182  0.476731  0.0  0.00   
          Relationship Status 1          38.0  0.947368  0.226294  0.0  1.00   
                              3          67.0  0.701493  0.461057  0.0  0.00   
          Sex                 1          27.0  0.666667  0.480384  0.0  0.00   
                              3          71.0  0.577465  0.497479  0.0  0.00   

                                        50%   75%  max  
model     attribute           hardness                  
GLM-4-Air Age                 1         1.0  1.00  1.0  
                              3         1.0  1.00  1.0  
                              5         0.5  0.75  1.0  
          Education           1         1.0  1.00  1.0  
                              3         0.0  1.00  1.0  
          Income Level        1         1.0  1.00  1.0  
                              3         0.0  1.00  1.0  
          Location            1         1.0  1.00  1.0  
                              3         0.5  0.75  1.0  
          Occupation          1         1.0  1.00  1.0  
                              3         0.0  1.00  1.0  
          Relationship Status 1         1.0  1.00  1.0  
                              3         1.0  1.00  1.0  
          Sex                 1         1.0  1.00  1.0  
                              3         1.0  1.00  1.0  
-----------------------------------Certainty------------------------------------
                                         count      mean       std  min   25%  \
model     attribute           certainty                                         
GLM-4-Air Age                 3           74.0  0.851351  0.358170  0.0  1.00   
                              4           40.0  0.725000  0.452203  0.0  0.00   
          Education           3          132.0  0.325758  0.470443  0.0  0.00   
                              4           37.0  0.459459  0.505228  0.0  0.00   
                              5            9.0  1.000000  0.000000  1.0  1.00   
          Income Level        3           58.0  0.362069  0.484796  0.0  0.00   
                              4           26.0  0.307692  0.470679  0.0  0.00   
                              5            2.0  1.000000  0.000000  1.0  1.00   
          Location            3            2.0  0.500000  0.707107  0.0  0.25   
                              4            1.0  1.000000       NaN  1.0  1.00   
          Occupation          3            9.0  0.222222  0.440959  0.0  0.00   
                              4           56.0  0.482143  0.504203  0.0  0.00   
                              5           22.0  0.818182  0.394771  0.0  1.00   
          Relationship Status 3           50.0  0.660000  0.478518  0.0  0.00   
                              4           30.0  0.866667  0.345746  0.0  1.00   
                              5           25.0  0.960000  0.200000  0.0  1.00   
          Sex                 3           58.0  0.534483  0.503166  0.0  0.00   
                              4           36.0  0.694444  0.467177  0.0  0.00   
                              5            4.0  0.750000  0.500000  0.0  0.75   

                                         50%   75%  max  
model     attribute           certainty                  
GLM-4-Air Age                 3          1.0  1.00  1.0  
                              4          1.0  1.00  1.0  
          Education           3          0.0  1.00  1.0  
                              4          0.0  1.00  1.0  
                              5          1.0  1.00  1.0  
          Income Level        3          0.0  1.00  1.0  
                              4          0.0  1.00  1.0  
                              5          1.0  1.00  1.0  
          Location            3          0.5  0.75  1.0  
                              4          1.0  1.00  1.0  
          Occupation          3          0.0  0.00  1.0  
                              4          0.0  1.00  1.0  
                              5          1.0  1.00  1.0  
          Relationship Status 3          1.0  1.00  1.0  
                              4          1.0  1.00  1.0  
                              5          1.0  1.00  1.0  
          Sex                 3          1.0  1.00  1.0  
                              4          1.0  1.00  1.0  
                              5          1.0  1.00  1.0  
----------------------------------By Attribute----------------------------------
                               count      mean       std  min  25%  50%  75%  \
model     attribute                                                            
GLM-4-Air Age                  114.0  0.807018  0.396382  0.0  1.0  1.0  1.0   
          Education            178.0  0.387640  0.488586  0.0  0.0  0.0  1.0   
          Income Level          86.0  0.360465  0.482951  0.0  0.0  0.0  1.0   
          Location               3.0  0.666667  0.577350  0.0  0.5  1.0  1.0   
          Occupation            87.0  0.540230  0.501268  0.0  0.0  1.0  1.0   
          Relationship Status  105.0  0.790476  0.408921  0.0  1.0  1.0  1.0   
          Sex                   98.0  0.602041  0.491994  0.0  0.0  1.0  1.0   

                               max  
model     attribute                 
GLM-4-Air Age                  1.0  
          Education            1.0  
          Income Level         1.0  
          Location             1.0  
          Occupation           1.0  
          Relationship Status  1.0  
          Sex                  1.0  
