------------------------------------Complete------------------------------------
                                                   count      mean       std  \
model      attribute           hardness certainty                              
Llama-3-8b Age                 1        4           13.0  0.846154  0.375534   
                               3        3           72.0  0.777778  0.418657   
                                        4           27.0  0.666667  0.480384   
                               5        3            2.0  0.500000  0.707107   
           Education           1        4           14.0  0.714286  0.468807   
                                        5            9.0  0.666667  0.500000   
                               3        3          132.0  0.598485  0.492072   
                                        4           23.0  0.608696  0.499011   
           Income Level        1        4            4.0  0.500000  0.577350   
                                        5            2.0  0.500000  0.707107   
                               3        3           58.0  0.034483  0.184059   
                                        4           22.0  0.181818  0.394771   
           Location            1        4            1.0  0.000000       NaN   
                               3        3            2.0  0.000000  0.000000   
           Occupation          1        4           43.0  0.209302  0.411625   
                                        5           22.0  0.590909  0.503236   
                               3        3            9.0  0.222222  0.440959   
                                        4           13.0  0.307692  0.480384   
           Relationship Status 1        4           13.0  0.769231  0.438529   
                                        5           25.0  1.000000  0.000000   
                               3        3           50.0  0.420000  0.498569   
                                        4           17.0  0.588235  0.507300   
           Sex                 1        4           23.0  0.652174  0.486985   
                                        5            4.0  0.750000  0.500000   
                               3        3           58.0  0.620690  0.489453   
                                        4           13.0  0.615385  0.506370   

                                                   min   25%  50%   75%  max  
model      attribute           hardness certainty                             
Llama-3-8b Age                 1        4          0.0  1.00  1.0  1.00  1.0  
                               3        3          0.0  1.00  1.0  1.00  1.0  
                                        4          0.0  0.00  1.0  1.00  1.0  
                               5        3          0.0  0.25  0.5  0.75  1.0  
           Education           1        4          0.0  0.25  1.0  1.00  1.0  
                                        5          0.0  0.00  1.0  1.00  1.0  
                               3        3          0.0  0.00  1.0  1.00  1.0  
                                        4          0.0  0.00  1.0  1.00  1.0  
           Income Level        1        4          0.0  0.00  0.5  1.00  1.0  
                                        5          0.0  0.25  0.5  0.75  1.0  
                               3        3          0.0  0.00  0.0  0.00  1.0  
                                        4          0.0  0.00  0.0  0.00  1.0  
           Location            1        4          0.0  0.00  0.0  0.00  0.0  
                               3        3          0.0  0.00  0.0  0.00  0.0  
           Occupation          1        4          0.0  0.00  0.0  0.00  1.0  
                                        5          0.0  0.00  1.0  1.00  1.0  
                               3        3          0.0  0.00  0.0  0.00  1.0  
                                        4          0.0  0.00  0.0  1.00  1.0  
           Relationship Status 1        4          0.0  1.00  1.0  1.00  1.0  
                                        5          1.0  1.00  1.0  1.00  1.0  
                               3        3          0.0  0.00  0.0  1.00  1.0  
                                        4          0.0  0.00  1.0  1.00  1.0  
           Sex                 1        4          0.0  0.00  1.0  1.00  1.0  
                                        5          0.0  0.75  1.0  1.00  1.0  
                               3        3          0.0  0.00  1.0  1.00  1.0  
                                        4          0.0  0.00  1.0  1.00  1.0  
------------------------------------Hardness------------------------------------
                                         count      mean       std  min   25%  \
model      attribute           hardness                                         
Llama-3-8b Age                 1          13.0  0.846154  0.375534  0.0  1.00   
                               3          99.0  0.747475  0.436672  0.0  0.50   
                               5           2.0  0.500000  0.707107  0.0  0.25   
           Education           1          23.0  0.695652  0.470472  0.0  0.00   
                               3         155.0  0.600000  0.491486  0.0  0.00   
           Income Level        1           6.0  0.500000  0.547723  0.0  0.00   
                               3          80.0  0.075000  0.265053  0.0  0.00   
           Location            1           1.0  0.000000       NaN  0.0  0.00   
                               3           2.0  0.000000  0.000000  0.0  0.00   
           Occupation          1          65.0  0.338462  0.476869  0.0  0.00   
                               3          22.0  0.272727  0.455842  0.0  0.00   
           Relationship Status 1          38.0  0.921053  0.273276  0.0  1.00   
                               3          67.0  0.462687  0.502369  0.0  0.00   
           Sex                 1          27.0  0.666667  0.480384  0.0  0.00   
                               3          71.0  0.619718  0.488911  0.0  0.00   

                                         50%   75%  max  
model      attribute           hardness                  
Llama-3-8b Age                 1         1.0  1.00  1.0  
                               3         1.0  1.00  1.0  
                               5         0.5  0.75  1.0  
           Education           1         1.0  1.00  1.0  
                               3         1.0  1.00  1.0  
           Income Level        1         0.5  1.00  1.0  
                               3         0.0  0.00  1.0  
           Location            1         0.0  0.00  0.0  
                               3         0.0  0.00  0.0  
           Occupation          1         0.0  1.00  1.0  
                               3         0.0  0.75  1.0  
           Relationship Status 1         1.0  1.00  1.0  
                               3         0.0  1.00  1.0  
           Sex                 1         1.0  1.00  1.0  
                               3         1.0  1.00  1.0  
-----------------------------------Certainty------------------------------------
                                          count      mean       std  min  \
model      attribute           certainty                                   
Llama-3-8b Age                 3           74.0  0.770270  0.423530  0.0   
                               4           40.0  0.725000  0.452203  0.0   
           Education           3          132.0  0.598485  0.492072  0.0   
                               4           37.0  0.648649  0.483978  0.0   
                               5            9.0  0.666667  0.500000  0.0   
           Income Level        3           58.0  0.034483  0.184059  0.0   
                               4           26.0  0.230769  0.429669  0.0   
                               5            2.0  0.500000  0.707107  0.0   
           Location            3            2.0  0.000000  0.000000  0.0   
                               4            1.0  0.000000       NaN  0.0   
           Occupation          3            9.0  0.222222  0.440959  0.0   
                               4           56.0  0.232143  0.426021  0.0   
                               5           22.0  0.590909  0.503236  0.0   
           Relationship Status 3           50.0  0.420000  0.498569  0.0   
                               4           30.0  0.666667  0.479463  0.0   
                               5           25.0  1.000000  0.000000  1.0   
           Sex                 3           58.0  0.620690  0.489453  0.0   
                               4           36.0  0.638889  0.487136  0.0   
                               5            4.0  0.750000  0.500000  0.0   

                                           25%  50%   75%  max  
model      attribute           certainty                        
Llama-3-8b Age                 3          1.00  1.0  1.00  1.0  
                               4          0.00  1.0  1.00  1.0  
           Education           3          0.00  1.0  1.00  1.0  
                               4          0.00  1.0  1.00  1.0  
                               5          0.00  1.0  1.00  1.0  
           Income Level        3          0.00  0.0  0.00  1.0  
                               4          0.00  0.0  0.00  1.0  
                               5          0.25  0.5  0.75  1.0  
           Location            3          0.00  0.0  0.00  0.0  
                               4          0.00  0.0  0.00  0.0  
           Occupation          3          0.00  0.0  0.00  1.0  
                               4          0.00  0.0  0.00  1.0  
                               5          0.00  1.0  1.00  1.0  
           Relationship Status 3          0.00  0.0  1.00  1.0  
                               4          0.00  1.0  1.00  1.0  
                               5          1.00  1.0  1.00  1.0  
           Sex                 3          0.00  1.0  1.00  1.0  
                               4          0.00  1.0  1.00  1.0  
                               5          0.75  1.0  1.00  1.0  
----------------------------------By Attribute----------------------------------
                                count      mean       std  min  25%  50%  75%  \
model      attribute                                                            
Llama-3-8b Age                  114.0  0.754386  0.432351  0.0  1.0  1.0  1.0   
           Education            178.0  0.612360  0.488586  0.0  0.0  1.0  1.0   
           Income Level          86.0  0.104651  0.307899  0.0  0.0  0.0  0.0   
           Location               3.0  0.000000  0.000000  0.0  0.0  0.0  0.0   
           Occupation            87.0  0.321839  0.469890  0.0  0.0  0.0  1.0   
           Relationship Status  105.0  0.628571  0.485504  0.0  0.0  1.0  1.0   
           Sex                   98.0  0.632653  0.484561  0.0  0.0  1.0  1.0   

                                max  
model      attribute                 
Llama-3-8b Age                  1.0  
           Education            1.0  
           Income Level         1.0  
           Location             0.0  
           Occupation           1.0  
           Relationship Status  1.0  
           Sex                  1.0  
