------------------------------------Complete------------------------------------
                                                        count      mean  \
model           attribute           hardness certainty                    
QwQ-32B-Preview Age                 1        4           13.0  0.615385   
                                    3        3           72.0  0.750000   
                                             4           27.0  0.481481   
                                    5        3            2.0  1.000000   
                Education           1        4           14.0  0.500000   
                                             5            9.0  0.333333   
                                    3        3          132.0  0.469697   
                                             4           23.0  0.434783   
                Income Level        1        4            4.0  0.250000   
                                             5            2.0  1.000000   
                                    3        3           58.0  0.431034   
                                             4           22.0  0.363636   
                Location            1        4            1.0  1.000000   
                                    3        3            2.0  0.500000   
                Occupation          1        4           43.0  0.465116   
                                             5           22.0  0.409091   
                                    3        3            9.0  0.444444   
                                             4           13.0  0.230769   
                Relationship Status 1        4           13.0  0.461538   
                                             5           25.0  0.760000   
                                    3        3           50.0  0.360000   
                                             4           17.0  0.529412   
                Sex                 1        4           23.0  0.521739   
                                             5            4.0  1.000000   
                                    3        3           58.0  0.689655   
                                             4           13.0  0.461538   

                                                             std  min   25%  \
model           attribute           hardness certainty                        
QwQ-32B-Preview Age                 1        4          0.506370  0.0  0.00   
                                    3        3          0.436051  0.0  0.75   
                                             4          0.509175  0.0  0.00   
                                    5        3          0.000000  1.0  1.00   
                Education           1        4          0.518875  0.0  0.00   
                                             5          0.500000  0.0  0.00   
                                    3        3          0.500982  0.0  0.00   
                                             4          0.506870  0.0  0.00   
                Income Level        1        4          0.500000  0.0  0.00   
                                             5          0.000000  1.0  1.00   
                                    3        3          0.499546  0.0  0.00   
                                             4          0.492366  0.0  0.00   
                Location            1        4               NaN  1.0  1.00   
                                    3        3          0.707107  0.0  0.25   
                Occupation          1        4          0.504685  0.0  0.00   
                                             5          0.503236  0.0  0.00   
                                    3        3          0.527046  0.0  0.00   
                                             4          0.438529  0.0  0.00   
                Relationship Status 1        4          0.518875  0.0  0.00   
                                             5          0.435890  0.0  1.00   
                                    3        3          0.484873  0.0  0.00   
                                             4          0.514496  0.0  0.00   
                Sex                 1        4          0.510754  0.0  0.00   
                                             5          0.000000  1.0  1.00   
                                    3        3          0.466675  0.0  0.00   
                                             4          0.518875  0.0  0.00   

                                                        50%   75%  max  
model           attribute           hardness certainty                  
QwQ-32B-Preview Age                 1        4          1.0  1.00  1.0  
                                    3        3          1.0  1.00  1.0  
                                             4          0.0  1.00  1.0  
                                    5        3          1.0  1.00  1.0  
                Education           1        4          0.5  1.00  1.0  
                                             5          0.0  1.00  1.0  
                                    3        3          0.0  1.00  1.0  
                                             4          0.0  1.00  1.0  
                Income Level        1        4          0.0  0.25  1.0  
                                             5          1.0  1.00  1.0  
                                    3        3          0.0  1.00  1.0  
                                             4          0.0  1.00  1.0  
                Location            1        4          1.0  1.00  1.0  
                                    3        3          0.5  0.75  1.0  
                Occupation          1        4          0.0  1.00  1.0  
                                             5          0.0  1.00  1.0  
                                    3        3          0.0  1.00  1.0  
                                             4          0.0  0.00  1.0  
                Relationship Status 1        4          0.0  1.00  1.0  
                                             5          1.0  1.00  1.0  
                                    3        3          0.0  1.00  1.0  
                                             4          1.0  1.00  1.0  
                Sex                 1        4          1.0  1.00  1.0  
                                             5          1.0  1.00  1.0  
                                    3        3          1.0  1.00  1.0  
                                             4          0.0  1.00  1.0  
------------------------------------Hardness------------------------------------
                                              count      mean       std  min  \
model           attribute           hardness                                   
QwQ-32B-Preview Age                 1          13.0  0.615385  0.506370  0.0   
                                    3          99.0  0.676768  0.470091  0.0   
                                    5           2.0  1.000000  0.000000  1.0   
                Education           1          23.0  0.434783  0.506870  0.0   
                                    3         155.0  0.464516  0.500356  0.0   
                Income Level        1           6.0  0.500000  0.547723  0.0   
                                    3          80.0  0.412500  0.495390  0.0   
                Location            1           1.0  1.000000       NaN  1.0   
                                    3           2.0  0.500000  0.707107  0.0   
                Occupation          1          65.0  0.446154  0.500961  0.0   
                                    3          22.0  0.318182  0.476731  0.0   
                Relationship Status 1          38.0  0.657895  0.480783  0.0   
                                    3          67.0  0.402985  0.494200  0.0   
                Sex                 1          27.0  0.592593  0.500712  0.0   
                                    3          71.0  0.647887  0.481028  0.0   

                                               25%  50%   75%  max  
model           attribute           hardness                        
QwQ-32B-Preview Age                 1         0.00  1.0  1.00  1.0  
                                    3         0.00  1.0  1.00  1.0  
                                    5         1.00  1.0  1.00  1.0  
                Education           1         0.00  0.0  1.00  1.0  
                                    3         0.00  0.0  1.00  1.0  
                Income Level        1         0.00  0.5  1.00  1.0  
                                    3         0.00  0.0  1.00  1.0  
                Location            1         1.00  1.0  1.00  1.0  
                                    3         0.25  0.5  0.75  1.0  
                Occupation          1         0.00  0.0  1.00  1.0  
                                    3         0.00  0.0  1.00  1.0  
                Relationship Status 1         0.00  1.0  1.00  1.0  
                                    3         0.00  0.0  1.00  1.0  
                Sex                 1         0.00  1.0  1.00  1.0  
                                    3         0.00  1.0  1.00  1.0  
-----------------------------------Certainty------------------------------------
                                               count      mean       std  min  \
model           attribute           certainty                                   
QwQ-32B-Preview Age                 3           74.0  0.756757  0.431969  0.0   
                                    4           40.0  0.525000  0.505736  0.0   
                Education           3          132.0  0.469697  0.500982  0.0   
                                    4           37.0  0.459459  0.505228  0.0   
                                    5            9.0  0.333333  0.500000  0.0   
                Income Level        3           58.0  0.431034  0.499546  0.0   
                                    4           26.0  0.346154  0.485165  0.0   
                                    5            2.0  1.000000  0.000000  1.0   
                Location            3            2.0  0.500000  0.707107  0.0   
                                    4            1.0  1.000000       NaN  1.0   
                Occupation          3            9.0  0.444444  0.527046  0.0   
                                    4           56.0  0.410714  0.496416  0.0   
                                    5           22.0  0.409091  0.503236  0.0   
                Relationship Status 3           50.0  0.360000  0.484873  0.0   
                                    4           30.0  0.500000  0.508548  0.0   
                                    5           25.0  0.760000  0.435890  0.0   
                Sex                 3           58.0  0.689655  0.466675  0.0   
                                    4           36.0  0.500000  0.507093  0.0   
                                    5            4.0  1.000000  0.000000  1.0   

                                                25%  50%   75%  max  
model           attribute           certainty                        
QwQ-32B-Preview Age                 3          1.00  1.0  1.00  1.0  
                                    4          0.00  1.0  1.00  1.0  
                Education           3          0.00  0.0  1.00  1.0  
                                    4          0.00  0.0  1.00  1.0  
                                    5          0.00  0.0  1.00  1.0  
                Income Level        3          0.00  0.0  1.00  1.0  
                                    4          0.00  0.0  1.00  1.0  
                                    5          1.00  1.0  1.00  1.0  
                Location            3          0.25  0.5  0.75  1.0  
                                    4          1.00  1.0  1.00  1.0  
                Occupation          3          0.00  0.0  1.00  1.0  
                                    4          0.00  0.0  1.00  1.0  
                                    5          0.00  0.0  1.00  1.0  
                Relationship Status 3          0.00  0.0  1.00  1.0  
                                    4          0.00  0.5  1.00  1.0  
                                    5          1.00  1.0  1.00  1.0  
                Sex                 3          0.00  1.0  1.00  1.0  
                                    4          0.00  0.5  1.00  1.0  
                                    5          1.00  1.0  1.00  1.0  
----------------------------------By Attribute----------------------------------
                                     count      mean       std  min  25%  50%  \
model           attribute                                                       
QwQ-32B-Preview Age                  114.0  0.675439  0.470278  0.0  0.0  1.0   
                Education            178.0  0.460674  0.499857  0.0  0.0  0.0   
                Income Level          86.0  0.418605  0.496224  0.0  0.0  0.0   
                Location               3.0  0.666667  0.577350  0.0  0.5  1.0   
                Occupation            87.0  0.413793  0.495367  0.0  0.0  0.0   
                Relationship Status  105.0  0.495238  0.502375  0.0  0.0  0.0   
                Sex                   98.0  0.632653  0.484561  0.0  0.0  1.0   

                                     75%  max  
model           attribute                      
QwQ-32B-Preview Age                  1.0  1.0  
                Education            1.0  1.0  
                Income Level         1.0  1.0  
                Location             1.0  1.0  
                Occupation           1.0  1.0  
                Relationship Status  1.0  1.0  
                Sex                  1.0  1.0  
